CG 400 700 20 20 200 200 1 270 7 2 90 10 0.2
SL 100 		600 20 20 100 200 2
SL 200 600 20 20 100 200 0
P_SMG 200 700 50 20 200 2
SL 300 600 20 20   100 200 0
SL 400 600 20 20 	100 200 0
SL 500               600 20 20 100 200 0
SL 600 600 20   20 100 200 0


P_DLG 500 700 30 30 200 2
SL 700 600		 20 20 100 200 0
  	
SLG 700 600 20 20 100 200 2 20 0.2
  
CG 10 700 20 20 200 200 3 270 2 2 1024 30 0.2
		
MATG 100   	700 20 20 300 300 2 270 1 300 500 60 30 0.1
TBG 400 700 20 20 400 400 2 0.5 DOWN 2 3 
TPG 400 700 20 20   300 200 2 270 1 50 30 0.3 
WC 100 100 50 50 300 200 3 UP RIGHT 
P_ECG 500 700 50 50 200 2 
P_SMG 100 700 50 50 200 1
P_SMG 300 700 50 50 200 1
	
	  
	   
	   



	   